input file name kp/all/01.img
00000000000000000000000000000000000000000000000000000000000000000000000000000000000000000000000000000000000000000000000000000000
00000000000000000000000000000000000000000000000000000000000000000000000000000000000000000000000000000000000000000000000000000000
00000000000000000000000000000000000000000000000000000000000000000000000000000000000000000011000000000000000000000000000000000000
00000000000000000000000001110000001100000000000000000000000000000000000000000000000000000111100011111000000000000000000000000000
00000000000000000000000011111111111111000000000000000000000000000000000000000000000001111111111111111000000000000000000000000000
00000000000000001111111111111111111100000000000000000000000000000000000000000111111111111111111100000000000000000000000000000000
00000000000011111111111111111000000000000000000000000000000000000000000000001111111100111110000000000000000000000000000000000000
00000000000001110000001111000000000000000000000000000000000000000000000000000000000000111100000000000000000000000000000000000000
00000000000000000000001111000000000000000000000000000000000000000000000000000000000000111000000000000000000000000000000000000000
00000000000000000000001110000000000000000000000000000000000000000000000000000000000001111000000000000000000000000000000000000000
00000000000000000000011110000000000000000000000000000000000000000000000000000000000001111000000000000000000000000000000000000000
00000000000000000000011110000000010000000000000000000000000000000000000000000000000011111000000011100000000000000000000000000000
00000000000000000000111100000000111000000000000000000000000000000000000000000000000011110000000111100000000000000000000000000000
00000000000000000000111100000001111111111000000000000000000000000000000000000000000011110000001111111111111110000000000000000000
00000000000000000000111100000111111111111111110000000000000000000000000000000000000011110011111111111111111111100000000000000000
00000000000000000000111111111111111111111111111100000000000000000000000000000000000001111111111110000000000011110000000000000000
00000000000000000000011111111111000000000000011110000000000000000000000000000000000011111111111000000000000000111100000000000000
00000000000000000000111111111110000000000000001111000000000000000000000000000000001111111111110000000000000000111100000000000000
00000000000000000011111111111000000000000000000111100000000000000000000000000000011111111111100000000000000000011110000000000000
00000000000000001111110111110000000000000000000111100000000000000000000000000001111110011111000000000000000000011110000000000000
00000000000000011111000111110000000000000000000111100000000000000000000000000011111100111111100000000000000000011110000000000000
00000000000000111110001111111100000000000000001111000000000000000000000000000011110001111111111100000000000000111100000000000000
00000000000000111100111110011111100000000000011111000000000000000000000000000011111111110000111111000000000001111000000000000000
00000000000000111111111100000111110000000000111110000000000000000000000000000011111111100000000110000000000011110000000000000000
00000000000000011111100000000000000000000001111100000000000000000000000000000000111100000000000000000000001111100000000000000000
00000000000000000000000000000000000000000011111000000000000000000000000000000000000000000000000000000000011111000000000000000000
00000000000000000000000000000000000000001111100000000000000000000000000000000000000000000000000000000001111100000000000000000000
00000000000000000000000000000000000000111110000000000000000000000000000000000000000000000000000000000111110000000000000000000000
00000000000000000000000000000000000011111000000000000000000000000000000000000000000000000000000000011110000000000000000000000000
00000000000000000000000000000000000110000000000000000000000000000000000000000000000000000000000000000000000000000000000000000000
00000000000000000000000000000000000000000000000000000000000000000000000000000000000000000000000000000000000000000000000000000000
0000000000000000000000000000000000000000000000000000000000000000000